graph Snakes {
	0
	1
	2
	3
	4
	5
	6
	7
	8
	9
	10
	11
	12
	13
	14
	15
	16
	17
	18
	19
	20
	21
	22
	23
	24
	25
	26
	27
	28
	29
	30
	31
	32
	33
	34
	35
	36
	37
	38
	39
	40
	41
	42
	43
	44
	45
	46
	47
	48
	49
	50
	51
	52
	53
	54
	55
	56
	57
	58
	59
	60
	61
	62
	63
	64
	65
	66
	67
	68
	69
	70
	71
	72
	73
	74
	75
	76
	77
	78
	79
	80
	81
	82
	83
	84
	85
	86
	87
	88
	89
	90
	91
	92
	93
	94
	95
	96
	97
	98
	99
	100
	8 -- 100
	8 -- 100
	101
	8 -- 101
	8 -- 101
	102
	8 -- 102
	8 -- 102
	103
	8 -- 103
	8 -- 103
	104
	8 -- 104
	8 -- 104
	105
	8 -- 105
	8 -- 105
	106
	8 -- 106
	8 -- 106
	107
	8 -- 107
	8 -- 107
	108
	8 -- 108
	8 -- 108
	109
	8 -- 109
	8 -- 109
	110
	8 -- 110
	8 -- 110
	111
	8 -- 111
	8 -- 111
	112
	8 -- 112
	8 -- 112
	113
	8 -- 113
	8 -- 113
	114
	8 -- 114
	8 -- 114
	115
	8 -- 115
	8 -- 115
	116
	8 -- 116
	8 -- 116
	117
	8 -- 117
	8 -- 117
	118
	8 -- 118
	8 -- 118
	119
	8 -- 119
	8 -- 119
	120
	8 -- 120
	8 -- 120
	121
	8 -- 121
	8 -- 121
	122
	8 -- 122
	8 -- 122
	123
	8 -- 123
	8 -- 123
	124
	8 -- 124
	8 -- 124
	125
	8 -- 125
	8 -- 125
	126
	8 -- 126
	8 -- 126
	127
	8 -- 127
	8 -- 127
	128
	8 -- 128
	8 -- 128
	129
	8 -- 129
	8 -- 129
	130
	8 -- 130
	8 -- 130
	131
	8 -- 131
	8 -- 131
	132
	8 -- 132
	8 -- 132
	133
	8 -- 133
	8 -- 133
	134
	8 -- 134
	8 -- 134
	135
	8 -- 135
	8 -- 135
	136
	8 -- 136
	8 -- 136
	137
	8 -- 137
	8 -- 137
	138
	8 -- 138
	8 -- 138
	139
	8 -- 139
	8 -- 139
	140
	8 -- 140
	8 -- 140
	141
	8 -- 141
	8 -- 141
	142
	8 -- 142
	8 -- 142
	143
	8 -- 143
	8 -- 143
	144
	8 -- 144
	8 -- 144
	145
	8 -- 145
	8 -- 145
	146
	8 -- 146
	8 -- 146
	147
	8 -- 147
	8 -- 147
	148
	8 -- 148
	8 -- 148
	149
	8 -- 149
	8 -- 149
	150
	8 -- 150
	8 -- 150
	151
	8 -- 151
	8 -- 151
	152
	8 -- 152
	8 -- 152
	153
	8 -- 153
	8 -- 153
	154
	8 -- 154
	8 -- 154
	155
	8 -- 155
	8 -- 155
	156
	8 -- 156
	8 -- 156
	157
	8 -- 157
	8 -- 157
	158
	8 -- 158
	8 -- 158
	159
	8 -- 159
	8 -- 159
	160
	8 -- 160
	8 -- 160
	161
	8 -- 161
	8 -- 161
	162
	8 -- 162
	8 -- 162
	163
	8 -- 163
	8 -- 163
	164
	8 -- 164
	8 -- 164
	165
	8 -- 165
	8 -- 165
	166
	8 -- 166
	8 -- 166
	167
	8 -- 167
	8 -- 167
	168
	8 -- 168
	8 -- 168
	169
	8 -- 169
	8 -- 169
	170
	8 -- 170
	8 -- 170
	171
	8 -- 171
	8 -- 171
	172
	8 -- 172
	8 -- 172
	173
	8 -- 173
	8 -- 173
	174
	8 -- 174
	8 -- 174
	175
	8 -- 175
	8 -- 175
	176
	8 -- 176
	8 -- 176
	177
	8 -- 177
	8 -- 177
	178
	8 -- 178
	8 -- 178
	179
	8 -- 179
	8 -- 179
	180
	8 -- 180
	8 -- 180
	181
	8 -- 181
	8 -- 181
	182
	8 -- 182
	8 -- 182
	183
	8 -- 183
	8 -- 183
	184
	8 -- 184
	8 -- 184
	185
	8 -- 185
	8 -- 185
	186
	8 -- 186
	8 -- 186
	187
	8 -- 187
	8 -- 187
	188
	8 -- 188
	8 -- 188
	189
	8 -- 189
	8 -- 189
	190
	8 -- 190
	8 -- 190
	191
	8 -- 191
	8 -- 191
	192
	8 -- 192
	8 -- 192
	193
	8 -- 193
	8 -- 193
	194
	8 -- 194
	8 -- 194
	195
	8 -- 195
	8 -- 195
	196
	8 -- 196
	8 -- 196
	197
	8 -- 197
	8 -- 197
	198
	8 -- 198
	8 -- 198
	199
	8 -- 199
	8 -- 199
	200
	8 -- 200
	8 -- 200
	201
	8 -- 201
	8 -- 201
	202
	8 -- 202
	8 -- 202
	203
	8 -- 203
	8 -- 203
	204
	8 -- 204
	8 -- 204
	205
	8 -- 205
	8 -- 205
	206
	8 -- 206
	8 -- 206
	207
	8 -- 207
	8 -- 207
	208
	8 -- 208
	8 -- 208
	209
	8 -- 209
	8 -- 209
	210
	8 -- 210
	8 -- 210
	211
	8 -- 211
	8 -- 211
	212
	8 -- 212
	8 -- 212
	213
	8 -- 213
	8 -- 213
	214
	8 -- 214
	8 -- 214
	215
	8 -- 215
	8 -- 215
	216
	8 -- 216
	8 -- 216
	217
	8 -- 217
	8 -- 217
	218
	8 -- 218
	8 -- 218
	219
	8 -- 219
	8 -- 219
	220
	8 -- 220
	8 -- 220
	221
	8 -- 221
	8 -- 221
	222
	8 -- 222
	8 -- 222
	223
	8 -- 223
	8 -- 223
	224
	8 -- 224
	8 -- 224
	225
	8 -- 225
	8 -- 225
	226
	8 -- 226
	8 -- 226
	227
	8 -- 227
	8 -- 227
	228
	8 -- 228
	8 -- 228
	229
	8 -- 229
	8 -- 229
	230
	8 -- 230
	8 -- 230
	231
	8 -- 231
	8 -- 231
	232
	8 -- 232
	8 -- 232
	233
	8 -- 233
	8 -- 233
	234
	8 -- 234
	8 -- 234
	235
	8 -- 235
	8 -- 235
	236
	8 -- 236
	8 -- 236
	237
	8 -- 237
	8 -- 237
	238
	8 -- 238
	8 -- 238
	239
	8 -- 239
	8 -- 239
	240
	8 -- 240
	8 -- 240
	241
	8 -- 241
	8 -- 241
	242
	8 -- 242
	8 -- 242
	243
	8 -- 243
	8 -- 243
	244
	8 -- 244
	8 -- 244
	245
	8 -- 245
	8 -- 245
	246
	8 -- 246
	8 -- 246
	247
	8 -- 247
	8 -- 247
	248
	8 -- 248
	8 -- 248
	249
	8 -- 249
	8 -- 249
	250
	8 -- 250
	8 -- 250
	251
	8 -- 251
	8 -- 251
	252
	8 -- 252
	8 -- 252
	253
	8 -- 253
	8 -- 253
	254
	8 -- 254
	8 -- 254
	255
	8 -- 255
	8 -- 255
	256
	8 -- 256
	8 -- 256
	257
	8 -- 257
	8 -- 257
	258
	8 -- 258
	8 -- 258
	259
	8 -- 259
	8 -- 259
	260
	8 -- 260
	8 -- 260
	261
	8 -- 261
	8 -- 261
	262
	8 -- 262
	8 -- 262
	263
	8 -- 263
	8 -- 263
	264
	8 -- 264
	8 -- 264
	265
	8 -- 265
	8 -- 265
	266
	8 -- 266
	8 -- 266
	267
	8 -- 267
	8 -- 267
	268
	8 -- 268
	8 -- 268
	269
	8 -- 269
	8 -- 269
	270
	8 -- 270
	8 -- 270
	271
	8 -- 271
	8 -- 271
	272
	8 -- 272
	8 -- 272
	273
	8 -- 273
	8 -- 273
	274
	8 -- 274
	8 -- 274
	275
	8 -- 275
	8 -- 275
	276
	8 -- 276
	8 -- 276
	277
	8 -- 277
	8 -- 277
	278
	8 -- 278
	8 -- 278
	279
	8 -- 279
	8 -- 279
	280
	8 -- 280
	8 -- 280
	281
	8 -- 281
	8 -- 281
	282
	8 -- 282
	8 -- 282
	283
	8 -- 283
	8 -- 283
	284
	8 -- 284
	8 -- 284
	285
	8 -- 285
	8 -- 285
	286
	8 -- 286
	8 -- 286
	287
	8 -- 287
	8 -- 287
	288
	8 -- 288
	8 -- 288
	289
	8 -- 289
	8 -- 289
	290
	8 -- 290
	8 -- 290
	291
	8 -- 291
	8 -- 291
	292
	8 -- 292
	8 -- 292
	293
	8 -- 293
	8 -- 293
	294
	8 -- 294
	8 -- 294
	295
	8 -- 295
	8 -- 295
	296
	8 -- 296
	8 -- 296
	297
	8 -- 297
	8 -- 297
	298
	8 -- 298
	8 -- 298
	299
	8 -- 299
	8 -- 299
	300
	8 -- 300
	8 -- 300
	301
	8 -- 301
	8 -- 301
	302
	8 -- 302
	8 -- 302
	303
	8 -- 303
	8 -- 303
	304
	8 -- 304
	8 -- 304
	305
	8 -- 305
	8 -- 305
	306
	8 -- 306
	8 -- 306
	307
	8 -- 307
	8 -- 307
	308
	8 -- 308
	8 -- 308
	309
	8 -- 309
	8 -- 309
	310
	8 -- 310
	8 -- 310
	311
	8 -- 311
	8 -- 311
	312
	8 -- 312
	8 -- 312
	313
	8 -- 313
	8 -- 313
	314
	8 -- 314
	8 -- 314
	315
	8 -- 315
	8 -- 315
	316
	8 -- 316
	8 -- 316
	317
	8 -- 317
	8 -- 317
	318
	8 -- 318
	8 -- 318
	319
	8 -- 319
	8 -- 319
	320
	8 -- 320
	8 -- 320
	321
	8 -- 321
	8 -- 321
	322
	8 -- 322
	8 -- 322
	323
	8 -- 323
	8 -- 323
	324
	8 -- 324
	8 -- 324
	325
	8 -- 325
	8 -- 325
	326
	8 -- 326
	8 -- 326
	327
	8 -- 327
	8 -- 327
	328
	8 -- 328
	8 -- 328
	329
	8 -- 329
	8 -- 329
	330
	8 -- 330
	8 -- 330
	331
	8 -- 331
	8 -- 331
	332
	8 -- 332
	8 -- 332
	333
	8 -- 333
	8 -- 333
	334
	8 -- 334
	8 -- 334
	335
	8 -- 335
	8 -- 335
	336
	8 -- 336
	8 -- 336
	337
	8 -- 337
	8 -- 337
	338
	8 -- 338
	8 -- 338
	339
	8 -- 339
	8 -- 339
	340
	8 -- 340
	8 -- 340
	341
	8 -- 341
	8 -- 341
	342
	8 -- 342
	8 -- 342
	343
	8 -- 343
	8 -- 343
	344
	8 -- 344
	8 -- 344
	345
	8 -- 345
	8 -- 345
	346
	8 -- 346
	8 -- 346
	347
	8 -- 347
	8 -- 347
	348
	8 -- 348
	8 -- 348
	349
	8 -- 349
	8 -- 349
	350
	8 -- 350
	8 -- 350
	351
	8 -- 351
	8 -- 351
	352
	8 -- 352
	8 -- 352
	353
	8 -- 353
	8 -- 353
	354
	8 -- 354
	8 -- 354
	355
	8 -- 355
	8 -- 355
	356
	8 -- 356
	8 -- 356
	357
	8 -- 357
	8 -- 357
	358
	8 -- 358
	8 -- 358
	359
	8 -- 359
	8 -- 359
	360
	8 -- 360
	8 -- 360
	361
	8 -- 361
	8 -- 361
	362
	8 -- 362
	8 -- 362
	363
	8 -- 363
	8 -- 363
	364
	8 -- 364
	8 -- 364
	365
	8 -- 365
	8 -- 365
	366
	8 -- 366
	8 -- 366
	367
	8 -- 367
	8 -- 367
	368
	8 -- 368
	8 -- 368
	369
	8 -- 369
	8 -- 369
	370
	8 -- 370
	8 -- 370
	371
	8 -- 371
	8 -- 371
	372
	8 -- 372
	8 -- 372
	373
	8 -- 373
	8 -- 373
	374
	8 -- 374
	8 -- 374
	375
	8 -- 375
	8 -- 375
	376
	8 -- 376
	8 -- 376
	377
	8 -- 377
	8 -- 377
	378
	8 -- 378
	8 -- 378
	379
	8 -- 379
	8 -- 379
	380
	8 -- 380
	8 -- 380
	381
	8 -- 381
	8 -- 381
	382
	8 -- 382
	8 -- 382
	383
	8 -- 383
	8 -- 383
	384
	8 -- 384
	8 -- 384
	385
	8 -- 385
	8 -- 385
	386
	8 -- 386
	8 -- 386
	387
	8 -- 387
	8 -- 387
	388
	8 -- 388
	8 -- 388
	389
	8 -- 389
	8 -- 389
	390
	8 -- 390
	8 -- 390
	391
	8 -- 391
	8 -- 391
	392
	8 -- 392
	8 -- 392
	393
	8 -- 393
	8 -- 393
	394
	8 -- 394
	8 -- 394
	395
	8 -- 395
	8 -- 395
	396
	8 -- 396
	8 -- 396
	397
	8 -- 397
	8 -- 397
	398
	8 -- 398
	8 -- 398
	399
	8 -- 399
	8 -- 399
	400
	8 -- 400
	8 -- 400
	401
	8 -- 401
	8 -- 401
	402
	8 -- 402
	8 -- 402
	403
	8 -- 403
	8 -- 403
	404
	8 -- 404
	8 -- 404
	405
	8 -- 405
	8 -- 405
	406
	8 -- 406
	8 -- 406
	407
	8 -- 407
	8 -- 407
	408
	8 -- 408
	8 -- 408
	409
	8 -- 409
	8 -- 409
	410
	8 -- 410
	8 -- 410
	411
	8 -- 411
	8 -- 411
	412
	8 -- 412
	8 -- 412
	413
	8 -- 413
	8 -- 413
	414
	8 -- 414
	8 -- 414
	415
	8 -- 415
	8 -- 415
	416
	8 -- 416
	8 -- 416
	417
	8 -- 417
	8 -- 417
	418
	8 -- 418
	8 -- 418
	419
	8 -- 419
	8 -- 419
	420
	8 -- 420
	8 -- 420
	421
	8 -- 421
	8 -- 421
	422
	8 -- 422
	8 -- 422
	423
	8 -- 423
	8 -- 423
	424
	8 -- 424
	8 -- 424
	425
	8 -- 425
	8 -- 425
	426
	8 -- 426
	8 -- 426
	427
	8 -- 427
	8 -- 427
	428
	8 -- 428
	8 -- 428
	429
	8 -- 429
	8 -- 429
	430
	8 -- 430
	8 -- 430
	431
	8 -- 431
	8 -- 431
	432
	8 -- 432
	8 -- 432
	433
	8 -- 433
	8 -- 433
	434
	8 -- 434
	8 -- 434
	435
	8 -- 435
	8 -- 435
	436
	8 -- 436
	8 -- 436
	437
	8 -- 437
	8 -- 437
	438
	8 -- 438
	8 -- 438
	439
	8 -- 439
	8 -- 439
	440
	8 -- 440
	8 -- 440
	441
	8 -- 441
	8 -- 441
	442
	8 -- 442
	8 -- 442
	443
	8 -- 443
	8 -- 443
	444
	8 -- 444
	8 -- 444
	445
	8 -- 445
	8 -- 445
	446
	8 -- 446
	8 -- 446
	447
	8 -- 447
	8 -- 447
	448
	8 -- 448
	8 -- 448
	449
	8 -- 449
	8 -- 449
	450
	8 -- 450
	8 -- 450
	451
	8 -- 451
	8 -- 451
	452
	8 -- 452
	8 -- 452
	453
	8 -- 453
	8 -- 453
	454
	8 -- 454
	8 -- 454
	455
	8 -- 455
	8 -- 455
	456
	8 -- 456
	8 -- 456
	457
	8 -- 457
	8 -- 457
	458
	8 -- 458
	8 -- 458
	459
	8 -- 459
	8 -- 459
	460
	8 -- 460
	8 -- 460
	461
	8 -- 461
	8 -- 461
	462
	8 -- 462
	8 -- 462
	463
	8 -- 463
	8 -- 463
	464
	8 -- 464
	8 -- 464
	465
	8 -- 465
	8 -- 465
	466
	8 -- 466
	8 -- 466
	467
	8 -- 467
	8 -- 467
	468
	8 -- 468
	8 -- 468
	469
	8 -- 469
	8 -- 469
	470
	8 -- 470
	8 -- 470
	471
	8 -- 471
	8 -- 471
	472
	8 -- 472
	8 -- 472
	473
	8 -- 473
	8 -- 473
	474
	8 -- 474
	8 -- 474
	475
	8 -- 475
	8 -- 475
	476
	8 -- 476
	8 -- 476
	477
	8 -- 477
	8 -- 477
	478
	8 -- 478
	8 -- 478
	479
	8 -- 479
	8 -- 479
	480
	8 -- 480
	8 -- 480
	481
	8 -- 481
	8 -- 481
	482
	8 -- 482
	8 -- 482
	483
	8 -- 483
	8 -- 483
	484
	8 -- 484
	8 -- 484
	485
	8 -- 485
	8 -- 485
	486
	8 -- 486
	8 -- 486
	487
	8 -- 487
	8 -- 487
	488
	8 -- 488
	8 -- 488
	489
	8 -- 489
	8 -- 489
	490
	8 -- 490
	8 -- 490
	491
	8 -- 491
	8 -- 491
	492
	8 -- 492
	8 -- 492
	493
	8 -- 493
	8 -- 493
	494
	8 -- 494
	8 -- 494
	495
	8 -- 495
	8 -- 495
	496
	8 -- 496
	8 -- 496
	497
	8 -- 497
	8 -- 497
	498
	8 -- 498
	8 -- 498
	499
	8 -- 499
	8 -- 499
	500
	8 -- 500
	8 -- 500
	501
	8 -- 501
	8 -- 501
	502
	8 -- 502
	8 -- 502
	503
	8 -- 503
	8 -- 503
	504
	8 -- 504
	8 -- 504
	505
	8 -- 505
	8 -- 505
	506
	8 -- 506
	8 -- 506
	507
	8 -- 507
	8 -- 507
	508
	8 -- 508
	8 -- 508
	509
	8 -- 509
	8 -- 509
	510
	8 -- 510
	8 -- 510
	511
	8 -- 511
	8 -- 511
	512
	8 -- 512
	8 -- 512
	513
	8 -- 513
	8 -- 513
	514
	8 -- 514
	8 -- 514
	515
	8 -- 515
	8 -- 515
	516
	8 -- 516
	8 -- 516
	517
	8 -- 517
	8 -- 517
	518
	8 -- 518
	8 -- 518
	519
	8 -- 519
	8 -- 519
	520
	8 -- 520
	8 -- 520
	521
	8 -- 521
	8 -- 521
	522
	8 -- 522
	8 -- 522
	523
	8 -- 523
	8 -- 523
	524
	8 -- 524
	8 -- 524
	525
	8 -- 525
	8 -- 525
	526
	8 -- 526
	8 -- 526
	527
	8 -- 527
	8 -- 527
	528
	8 -- 528
	8 -- 528
	529
	8 -- 529
	8 -- 529
	530
	8 -- 530
	8 -- 530
	531
	8 -- 531
	8 -- 531
	532
	8 -- 532
	8 -- 532
	533
	8 -- 533
	8 -- 533
	534
	8 -- 534
	8 -- 534
	535
	8 -- 535
	8 -- 535
	536
	8 -- 536
	8 -- 536
	537
	8 -- 537
	8 -- 537
	538
	8 -- 538
	8 -- 538
	539
	8 -- 539
	8 -- 539
	540
	8 -- 540
	8 -- 540
	541
	8 -- 541
	8 -- 541
	542
	8 -- 542
	8 -- 542
	543
	8 -- 543
	8 -- 543
	544
	8 -- 544
	8 -- 544
	545
	8 -- 545
	8 -- 545
	546
	8 -- 546
	8 -- 546
	547
	8 -- 547
	8 -- 547
	548
	8 -- 548
	8 -- 548
	549
	8 -- 549
	8 -- 549
	550
	8 -- 550
	8 -- 550
	551
	8 -- 551
	8 -- 551
	552
	8 -- 552
	8 -- 552
	553
	8 -- 553
	8 -- 553
	554
	8 -- 554
	8 -- 554
	555
	8 -- 555
	8 -- 555
	556
	8 -- 556
	8 -- 556
	557
	8 -- 557
	8 -- 557
	558
	8 -- 558
	8 -- 558
	559
	8 -- 559
	8 -- 559
	560
	8 -- 560
	8 -- 560
	561
	8 -- 561
	8 -- 561
	562
	8 -- 562
	8 -- 562
	563
	8 -- 563
	8 -- 563
	564
	8 -- 564
	8 -- 564
	565
	8 -- 565
	8 -- 565
	566
	8 -- 566
	8 -- 566
	567
	8 -- 567
	8 -- 567
	568
	8 -- 568
	8 -- 568
	569
	8 -- 569
	8 -- 569
	570
	8 -- 570
	8 -- 570
	571
	8 -- 571
	8 -- 571
	572
	8 -- 572
	8 -- 572
	573
	8 -- 573
	8 -- 573
	574
	1 -- 574
	3 -- 574
	575
	1 -- 575
	3 -- 575
	576
	1 -- 576
	3 -- 576
	577
	1 -- 577
	3 -- 577
	578
	1 -- 578
	3 -- 578
	579
	1 -- 579
	3 -- 579
	580
	1 -- 580
	3 -- 580
	581
	1 -- 581
	3 -- 581
	582
	1 -- 582
	3 -- 582
	583
	1 -- 583
	3 -- 583
	584
	1 -- 584
	3 -- 584
	585
	1 -- 585
	3 -- 585
	586
	1 -- 586
	3 -- 586
	587
	1 -- 587
	3 -- 587
	588
	1 -- 588
	3 -- 588
	589
	1 -- 589
	3 -- 589
	590
	1 -- 590
	3 -- 590
	591
	1 -- 591
	3 -- 591
	592
	1 -- 592
	3 -- 592
	593
	1 -- 593
	3 -- 593
	594
	1 -- 594
	3 -- 594
	595
	1 -- 595
	3 -- 595
	596
	1 -- 596
	3 -- 596
	597
	1 -- 597
	3 -- 597
	598
	1 -- 598
	3 -- 598
	599
	1 -- 599
	3 -- 599
	600
	1 -- 600
	3 -- 600
	601
	1 -- 601
	3 -- 601
	602
	1 -- 602
	3 -- 602
	603
	1 -- 603
	3 -- 603
	604
	1 -- 604
	3 -- 604
	605
	1 -- 605
	3 -- 605
	606
	1 -- 606
	3 -- 606
	607
	1 -- 607
	3 -- 607
	608
	1 -- 608
	3 -- 608
	609
	1 -- 609
	3 -- 609
	610
	1 -- 610
	3 -- 610
	611
	1 -- 611
	3 -- 611
	612
	1 -- 612
	3 -- 612
	613
	1 -- 613
	3 -- 613
	614
	1 -- 614
	3 -- 614
	615
	1 -- 615
	3 -- 615
	616
	1 -- 616
	3 -- 616
	617
	1 -- 617
	3 -- 617
	618
	1 -- 618
	3 -- 618
	619
	1 -- 619
	3 -- 619
	620
	1 -- 620
	3 -- 620
	621
	1 -- 621
	3 -- 621
	622
	1 -- 622
	3 -- 622
	623
	1 -- 623
	3 -- 623
	624
	1 -- 624
	3 -- 624
	625
	1 -- 625
	3 -- 625
	626
	1 -- 626
	3 -- 626
	627
	1 -- 627
	3 -- 627
	628
	1 -- 628
	3 -- 628
	629
	1 -- 629
	3 -- 629
	630
	1 -- 630
	3 -- 630
	631
	1 -- 631
	3 -- 631
	632
	1 -- 632
	3 -- 632
	633
	1 -- 633
	3 -- 633
	634
	1 -- 634
	3 -- 634
	635
	1 -- 635
	3 -- 635
	636
	1 -- 636
	3 -- 636
	637
	1 -- 637
	3 -- 637
	638
	1 -- 638
	3 -- 638
	639
	1 -- 639
	3 -- 639
	640
	1 -- 640
	3 -- 640
	641
	1 -- 641
	3 -- 641
	642
	1 -- 642
	3 -- 642
	643
	1 -- 643
	3 -- 643
	644
	1 -- 644
	3 -- 644
	645
	1 -- 645
	3 -- 645
	646
	1 -- 646
	3 -- 646
	647
	1 -- 647
	3 -- 647
	648
	1 -- 648
	3 -- 648
	649
	1 -- 649
	3 -- 649
	650
	1 -- 650
	3 -- 650
	651
	1 -- 651
	3 -- 651
	652
	1 -- 652
	3 -- 652
	653
	8 -- 653
	8 -- 653
	654
	8 -- 654
	8 -- 654
	655
	8 -- 655
	8 -- 655
	656
	8 -- 656
	8 -- 656
	657
	8 -- 657
	8 -- 657
	658
	8 -- 658
	8 -- 658
	659
	8 -- 659
	8 -- 659
	660
	8 -- 660
	8 -- 660
	661
	8 -- 661
	8 -- 661
	662
	8 -- 662
	8 -- 662
	663
	8 -- 663
	8 -- 663
	664
	8 -- 664
	8 -- 664
	665
	8 -- 665
	8 -- 665
	666
	8 -- 666
	8 -- 666
	667
	8 -- 667
	8 -- 667
	668
	8 -- 668
	8 -- 668
	669
	8 -- 669
	8 -- 669
	670
	8 -- 670
	8 -- 670
	671
	8 -- 671
	8 -- 671
	672
	8 -- 672
	8 -- 672
	673
	8 -- 673
	8 -- 673
	674
	8 -- 674
	8 -- 674
	675
	8 -- 675
	8 -- 675
	676
	8 -- 676
	8 -- 676
	677
	8 -- 677
	8 -- 677
	678
	8 -- 678
	8 -- 678
	679
	8 -- 679
	8 -- 679
	680
	8 -- 680
	8 -- 680
	681
	8 -- 681
	8 -- 681
	682
	8 -- 682
	8 -- 682
	683
	8 -- 683
	8 -- 683
	684
	8 -- 684
	8 -- 684
	685
	8 -- 685
	8 -- 685
	686
	8 -- 686
	8 -- 686
	687
	8 -- 687
	8 -- 687
	688
	8 -- 688
	8 -- 688
	689
	8 -- 689
	8 -- 689
	690
	8 -- 690
	8 -- 690
	691
	8 -- 691
	8 -- 691
	692
	8 -- 692
	8 -- 692
	693
	8 -- 693
	8 -- 693
	694
	8 -- 694
	8 -- 694
	695
	8 -- 695
	8 -- 695
	696
	8 -- 696
	8 -- 696
	697
	8 -- 697
	8 -- 697
	698
	8 -- 698
	8 -- 698
	699
	8 -- 699
	8 -- 699
	700
	8 -- 700
	8 -- 700
	701
	8 -- 701
	8 -- 701
	702
	8 -- 702
	8 -- 702
	703
	8 -- 703
	8 -- 703
	704
	8 -- 704
	8 -- 704
	705
	8 -- 705
	8 -- 705
	706
	8 -- 706
	8 -- 706
	707
	8 -- 707
	8 -- 707
	708
	8 -- 708
	8 -- 708
	709
	8 -- 709
	8 -- 709
	710
	8 -- 710
	8 -- 710
	711
	8 -- 711
	8 -- 711
	712
	8 -- 712
	8 -- 712
	713
	8 -- 713
	8 -- 713
	714
	8 -- 714
	8 -- 714
	715
	8 -- 715
	8 -- 715
	716
	8 -- 716
	8 -- 716
	717
	8 -- 717
	8 -- 717
	718
	8 -- 718
	8 -- 718
	719
	8 -- 719
	8 -- 719
	720
	8 -- 720
	8 -- 720
	721
	8 -- 721
	8 -- 721
	722
	8 -- 722
	8 -- 722
	723
	8 -- 723
	8 -- 723
	724
	8 -- 724
	8 -- 724
	725
	8 -- 725
	8 -- 725
	726
	8 -- 726
	8 -- 726
	727
	8 -- 727
	8 -- 727
	728
	8 -- 728
	8 -- 728
	729
	8 -- 729
	8 -- 729
	730
	8 -- 730
	8 -- 730
	731
	8 -- 731
	8 -- 731
	732
	8 -- 732
	8 -- 732
	733
	8 -- 733
	8 -- 733
	734
	8 -- 734
	8 -- 734
	735
	8 -- 735
	8 -- 735
	736
	8 -- 736
	8 -- 736
	737
	8 -- 737
	8 -- 737
	738
	8 -- 738
	8 -- 738
	739
	8 -- 739
	8 -- 739
	740
	8 -- 740
	8 -- 740
	741
	8 -- 741
	8 -- 741
	742
	8 -- 742
	8 -- 742
	743
	8 -- 743
	8 -- 743
	744
	8 -- 744
	8 -- 744
	745
	8 -- 745
	8 -- 745
	746
	8 -- 746
	8 -- 746
	747
	8 -- 747
	8 -- 747
	748
	8 -- 748
	8 -- 748
	749
	8 -- 749
	8 -- 749
	750
	8 -- 750
	8 -- 750
	751
	8 -- 751
	8 -- 751
	752
	8 -- 752
	8 -- 752
	753
	8 -- 753
	8 -- 753
	754
	8 -- 754
	8 -- 754
	755
	8 -- 755
	8 -- 755
	756
	8 -- 756
	8 -- 756
	757
	8 -- 757
	8 -- 757
	758
	8 -- 758
	8 -- 758
	759
	8 -- 759
	8 -- 759
	760
	8 -- 760
	8 -- 760
	761
	8 -- 761
	8 -- 761
	762
	8 -- 762
	8 -- 762
	763
	8 -- 763
	8 -- 763
	764
	8 -- 764
	8 -- 764
	765
	8 -- 765
	8 -- 765
	766
	8 -- 766
	8 -- 766
	767
	8 -- 767
	8 -- 767
	768
	8 -- 768
	8 -- 768
	769
	8 -- 769
	8 -- 769
	770
	8 -- 770
	8 -- 770
	771
	8 -- 771
	8 -- 771
	772
	8 -- 772
	8 -- 772
	773
	8 -- 773
	8 -- 773
	774
	8 -- 774
	8 -- 774
	775
	8 -- 775
	8 -- 775
	776
	8 -- 776
	8 -- 776
	777
	8 -- 777
	8 -- 777
	778
	8 -- 778
	8 -- 778
	779
	8 -- 779
	8 -- 779
	780
	8 -- 780
	8 -- 780
	781
	8 -- 781
	8 -- 781
	782
	8 -- 782
	8 -- 782
	783
	8 -- 783
	8 -- 783
	784
	8 -- 784
	8 -- 784
	785
	8 -- 785
	8 -- 785
	786
	8 -- 786
	8 -- 786
	787
	8 -- 787
	8 -- 787
	788
	8 -- 788
	8 -- 788
	789
	8 -- 789
	8 -- 789
	790
	8 -- 790
	8 -- 790
	791
	8 -- 791
	8 -- 791
	792
	8 -- 792
	8 -- 792
	793
	8 -- 793
	8 -- 793
	794
	8 -- 794
	8 -- 794
	795
	8 -- 795
	8 -- 795
	796
	8 -- 796
	8 -- 796
	797
	8 -- 797
	8 -- 797
	798
	8 -- 798
	8 -- 798
	799
	8 -- 799
	8 -- 799
	800
	8 -- 800
	8 -- 800
	801
	8 -- 801
	8 -- 801
	802
	8 -- 802
	8 -- 802
	803
	8 -- 803
	8 -- 803
	804
	8 -- 804
	8 -- 804
	805
	8 -- 805
	8 -- 805
	806
	8 -- 806
	8 -- 806
	807
	8 -- 807
	8 -- 807
	808
	8 -- 808
	8 -- 808
	809
	8 -- 809
	8 -- 809
	810
	8 -- 810
	8 -- 810
	811
	8 -- 811
	8 -- 811
	812
	8 -- 812
	8 -- 812
	813
	8 -- 813
	8 -- 813
	814
	8 -- 814
	8 -- 814
	815
	8 -- 815
	8 -- 815
	816
	8 -- 816
	8 -- 816
	817
	8 -- 817
	8 -- 817
	818
	8 -- 818
	8 -- 818
	819
	8 -- 819
	8 -- 819
	820
	8 -- 820
	8 -- 820
	821
	8 -- 821
	8 -- 821
	822
	8 -- 822
	8 -- 822
	823
	8 -- 823
	8 -- 823
	824
	8 -- 824
	8 -- 824
	825
	8 -- 825
	8 -- 825
	826
	8 -- 826
	8 -- 826
	827
	8 -- 827
	8 -- 827
	828
	8 -- 828
	8 -- 828
	829
	8 -- 829
	8 -- 829
	830
	8 -- 830
	8 -- 830
	831
	8 -- 831
	8 -- 831
	832
	8 -- 832
	8 -- 832
	833
	8 -- 833
	8 -- 833
	834
	8 -- 834
	8 -- 834
	835
	8 -- 835
	8 -- 835
	836
	8 -- 836
	8 -- 836
	837
	8 -- 837
	8 -- 837
	838
	8 -- 838
	8 -- 838
	839
	8 -- 839
	8 -- 839
	840
	8 -- 840
	8 -- 840
	841
	8 -- 841
	8 -- 841
	842
	8 -- 842
	8 -- 842
	843
	8 -- 843
	8 -- 843
	844
	8 -- 844
	8 -- 844
	845
	8 -- 845
	8 -- 845
	846
	8 -- 846
	8 -- 846
	847
	8 -- 847
	8 -- 847
	848
	8 -- 848
	8 -- 848
	849
	8 -- 849
	8 -- 849
	850
	8 -- 850
	8 -- 850
	851
	8 -- 851
	8 -- 851
	852
	8 -- 852
	8 -- 852
	853
	8 -- 853
	8 -- 853
	854
	8 -- 854
	8 -- 854
	855
	8 -- 855
	8 -- 855
	856
	8 -- 856
	8 -- 856
	857
	8 -- 857
	8 -- 857
	858
	8 -- 858
	8 -- 858
	859
	8 -- 859
	8 -- 859
	860
	8 -- 860
	8 -- 860
	861
	8 -- 861
	8 -- 861
	862
	8 -- 862
	8 -- 862
	863
	8 -- 863
	8 -- 863
	864
	8 -- 864
	8 -- 864
	865
	8 -- 865
	8 -- 865
	866
	8 -- 866
	8 -- 866
	867
	8 -- 867
	8 -- 867
	868
	8 -- 868
	8 -- 868
	869
	8 -- 869
	8 -- 869
	870
	8 -- 870
	8 -- 870
	871
	8 -- 871
	8 -- 871
	872
	8 -- 872
	8 -- 872
	873
	8 -- 873
	8 -- 873
	874
	8 -- 874
	8 -- 874
	875
	8 -- 875
	8 -- 875
	876
	8 -- 876
	8 -- 876
	877
	8 -- 877
	8 -- 877
	878
	8 -- 878
	8 -- 878
	879
	8 -- 879
	8 -- 879
	880
	8 -- 880
	8 -- 880
	881
	8 -- 881
	8 -- 881
	882
	8 -- 882
	8 -- 882
	883
	8 -- 883
	8 -- 883
	884
	8 -- 884
	8 -- 884
	885
	8 -- 885
	8 -- 885
	886
	8 -- 886
	8 -- 886
	887
	8 -- 887
	8 -- 887
	888
	8 -- 888
	8 -- 888
	889
	8 -- 889
	8 -- 889
}
